<html>
<head><meta charset="utf-8" /></head>
<body>
    <div>                            <div id="8352964c-64e4-48b4-925e-094e4fe66293" class="plotly-graph-div" style="height:100%; width:100%;"></div>            <script type="text/javascript">                                    window.PLOTLYENV=window.PLOTLYENV || {};                                    if (document.getElementById("8352964c-64e4-48b4-925e-094e4fe66293")) {                    Plotly.newPlot(                        "8352964c-64e4-48b4-925e-094e4fe66293",                        [{"coloraxis":"coloraxis","name":"0","x":["otter","beaver","giant+panda","polar+bear","bat","spider+monkey","chimpanzee","gorilla","dalmatian","grizzly+bear","tiger","lion","leopard","german+shepherd","wolf","fox","bobcat","rat","raccoon","weasel","siamese+cat","collie","chihuahua","persian+cat","squirrel","skunk","hamster","mole","mouse","rabbit","horse","deer","antelope","zebra","giraffe","sheep","pig","ox","cow","moose","buffalo","rhinoceros","elephant","hippopotamus","walrus","humpback+whale","blue+whale","seal","dolphin","killer+whale"],"y":["otter","beaver","giant+panda","polar+bear","bat","spider+monkey","chimpanzee","gorilla","dalmatian","grizzly+bear","tiger","lion","leopard","german+shepherd","wolf","fox","bobcat","rat","raccoon","weasel","siamese+cat","collie","chihuahua","persian+cat","squirrel","skunk","hamster","mole","mouse","rabbit","horse","deer","antelope","zebra","giraffe","sheep","pig","ox","cow","moose","buffalo","rhinoceros","elephant","hippopotamus","walrus","humpback+whale","blue+whale","seal","dolphin","killer+whale"],"z":[[1.0,0.6161764705882353,0.13897058823529412,0.33897058823529413,0.23088235294117643,0.24485294117647058,0.2227941176470588,0.16691176470588234,0.3080882352941176,0.19338235294117642,0.2514705882352941,0.2264705882352941,0.2338235294117647,0.2926470588235294,0.3022058823529412,0.32573529411764707,0.3080882352941177,0.4911764705882353,0.49485294117647055,0.5235294117647058,0.5492647058823529,0.5786764705882353,0.6279411764705881,0.5249999999999999,0.5051470588235294,0.46176470588235285,0.45955882352941174,0.4654411764705882,0.43308823529411766,0.39779411764705885,0.18014705882352938,0.16691176470588232,0.17941176470588235,0.14191176470588235,0.07794117647058824,0.1264705882352941,0.08014705882352942,0.08676470588235294,0.075,0.0926470588235294,0.09338235294117646,0.04926470588235294,0.08897058823529413,0.21691176470588236,0.43529411764705883,0.4272058823529412,0.4191176470588235,0.5499999999999999,0.5036764705882353,0.3779411764705882],[0.6161764705882353,1.0,0.24338235294117647,0.5698529411764706,0.17573529411764705,0.31838235294117645,0.2125,0.15661764705882353,0.2897058823529412,0.2882352941176471,0.3316176470588235,0.31323529411764706,0.3220588235294118,0.3801470588235294,0.3830882352941177,0.4183823529411765,0.4007352941176471,0.3154411764705883,0.33897058823529413,0.3595588235294118,0.4088235294117647,0.39779411764705885,0.4647058823529412,0.4058823529411764,0.41397058823529403,0.3698529411764705,0.3698529411764706,0.37279411764705883,0.35441176470588237,0.3198529411764707,0.23970588235294116,0.2338235294117647,0.24632352941176472,0.20588235294117646,0.13823529411764704,0.08897058823529412,0.07500000000000001,0.08308823529411764,0.08235294117647059,0.10735294117647058,0.10808823529411764,0.05220588235294118,0.09117647058823529,0.3875,0.2963235294117647,0.28455882352941175,0.2772058823529412,0.37500000000000006,0.40441176470588236,0.20294117647058824],[0.13897058823529412,0.24338235294117647,1.0,0.3963235294117647,0.18235294117647058,0.4698529411764706,0.38088235294117645,0.27647058823529413,0.3382352941176471,0.6308823529411763,0.5051470588235294,0.5235294117647059,0.5477941176470588,0.5051470588235294,0.4970588235294118,0.4507352941176471,0.45514705882352946,0.2625,0.28823529411764703,0.28014705882352936,0.3220588235294118,0.3227941176470588,0.34117647058823525,0.4323529411764706,0.4852941176470589,0.46176470588235297,0.3992647058823529,0.37279411764705883,0.35000000000000003,0.3661764705882353,0.3352941176470588,0.325735294117647,0.3176470588235294,0.31985294117647056,0.37132352941176466,0.4919117647058823,0.5617647058823529,0.5294117647058824,0.5470588235294117,0.5279411764705882,0.5294117647058825,0.5125,0.5772058823529411,0.30073529411764705,0.2654411764705882,0.26617647058823524,0.2676470588235294,0.12867647058823528,0.11029411764705882,0.049999999999999996],[0.33897058823529413,0.5698529411764706,0.3963235294117647,1.0,0.2227941176470588,0.08897058823529412,0.10514705882352941,0.2102941176470588,0.1375,0.6698529411764707,0.4536764705882353,0.449264705882353,0.4610294117647059,0.5073529411764706,0.5213235294117646,0.5272058823529412,0.5102941176470588,0.3051470588235294,0.3514705882352941,0.35808823529411765,0.3191176470588235,0.1691176470588235,0.23088235294117643,0.2529411764705882,0.18308823529411763,0.22205882352941175,0.13970588235294115,0.15073529411764705,0.13970588235294115,0.10441176470588236,0.10514705882352941,0.10808823529411765,0.12500000000000003,0.0911764705882353,0.08823529411764706,0.2213235294117647,0.21102941176470585,0.2102941176470588,0.21838235294117647,0.24338235294117644,0.2404411764705882,0.18455882352941178,0.18529411764705883,0.42499999999999993,0.2823529411764706,0.28308823529411764,0.27941176470588236,0.1867647058823529,0.14852941176470585,0.2772058823529412],[0.23088235294117643,0.17573529411764705,0.18235294117647058,0.2227941176470588,1.0,0.36838235294117655,0.46029411764705885,0.5639705882352941,0.34558823529411764,0.4066176470588235,0.47426470588235303,0.486764705882353,0.4852941176470588,0.474264705882353,0.4816176470588236,0.5125,0.5014705882352941,0.5897058823529411,0.5580882352941176,0.5897058823529412,0.5235294117647059,0.411764705882353,0.4514705882352941,0.3029411764705882,0.3588235294117647,0.28823529411764703,0.33529411764705885,0.3536764705882353,0.3426470588235294,0.32132352941176473,0.22352941176470584,0.23014705882352937,0.23823529411764705,0.2301470588235294,0.18823529411764703,0.16323529411764703,0.15,0.15735294117647058,0.14852941176470588,0.17499999999999996,0.17132352941176468,0.1676470588235294,0.1676470588235294,0.039705882352941174,0.04632352941176471,0.045588235294117645,0.0375,0.14191176470588235,0.09558823529411764,0.2683823529411765],[0.24485294117647058,0.31838235294117645,0.4698529411764706,0.08897058823529412,0.36838235294117655,1.0,0.7602941176470588,0.6683823529411764,0.500735294117647,0.27499999999999997,0.38970588235294124,0.40147058823529413,0.40735294117647064,0.3897058823529412,0.3970588235294118,0.4110294117647059,0.4,0.3448529411764706,0.3382352941176471,0.35882352941176476,0.33529411764705885,0.41470588235294115,0.3801470588235294,0.3022058823529411,0.6110294117647058,0.4867647058823529,0.5205882352941177,0.5279411764705882,0.4963235294117648,0.5080882352941177,0.5911764705882353,0.5977941176470588,0.6058823529411764,0.5985294117647059,0.5029411764705882,0.30073529411764705,0.4058823529411764,0.38823529411764707,0.3911764705882353,0.41691176470588237,0.4132352941176471,0.3977941176470588,0.4625,0.2036764705882353,0.18529411764705883,0.1860294117647059,0.1779411764705882,0.27941176470588236,0.3411764705882353,0.25],[0.2227941176470588,0.2125,0.38088235294117645,0.10514705882352941,0.46029411764705885,0.7602941176470588,1.0,0.8801470588235296,0.661029411764706,0.35514705882352937,0.5088235294117648,0.5176470588235295,0.5279411764705882,0.5139705882352942,0.5161764705882353,0.4639705882352941,0.4573529411764706,0.3779411764705882,0.36838235294117644,0.38749999999999996,0.3897058823529412,0.4698529411764706,0.4338235294117647,0.3,0.38161764705882356,0.25441176470588234,0.30000000000000004,0.2963235294117647,0.2757352941176471,0.3073529411764706,0.563970588235294,0.5624999999999999,0.5661764705882352,0.5624999999999999,0.4676470588235294,0.2875,0.40955882352941186,0.4,0.40661764705882353,0.4205882352941176,0.41764705882352937,0.3713235294117647,0.4242647058823529,0.21029411764705885,0.21617647058823533,0.2169117647058824,0.21250000000000002,0.2742647058823529,0.361764705882353,0.34779411764705886],[0.16691176470588234,0.15661764705882353,0.27647058823529413,0.2102941176470588,0.5639705882352941,0.6683823529411764,0.8801470588235296,1.0,0.6029411764705882,0.46397058823529413,0.6169117647058823,0.6294117647058823,0.6272058823529412,0.6139705882352942,0.6213235294117646,0.5727941176470588,0.5617647058823529,0.48308823529411765,0.46470588235294125,0.4963235294117647,0.44705882352941184,0.41176470588235287,0.37573529411764706,0.24191176470588233,0.3014705882352941,0.2117647058823529,0.24485294117647052,0.2639705882352941,0.24485294117647052,0.26249999999999996,0.5330882352941176,0.5397058823529411,0.5477941176470588,0.5433823529411764,0.4477941176470588,0.2566176470588235,0.3647058823529412,0.37279411764705883,0.37573529411764706,0.4022058823529412,0.39926470588235297,0.3558823529411764,0.3558823529411764,0.1602941176470588,0.1602941176470588,0.16102941176470587,0.15220588235294116,0.20588235294117643,0.2933823529411765,0.45147058823529407],[0.3080882352941176,0.2897058823529412,0.3382352941176471,0.1375,0.34558823529411764,0.500735294117647,0.661029411764706,0.6029411764705882,1.0,0.4316176470588235,0.5522058823529411,0.5536764705882352,0.5639705882352941,0.6220588235294118,0.6022058823529411,0.5397058823529411,0.5375,0.4705882352941177,0.4588235294117648,0.4639705882352942,0.5397058823529411,0.7029411764705882,0.6095588235294117,0.4889705882352941,0.34338235294117647,0.29705882352941176,0.36544117647058827,0.3389705882352941,0.32573529411764707,0.38823529411764707,0.6595588235294115,0.6441176470588234,0.638970588235294,0.6058823529411764,0.5294117647058824,0.3919117647058823,0.5058823529411764,0.49926470588235294,0.513235294117647,0.4860294117647058,0.4948529411764705,0.4676470588235294,0.5073529411764706,0.348529411764706,0.44044117647058817,0.4529411764705883,0.450735294117647,0.5375,0.6235294117647059,0.5397058823529411],[0.19338235294117642,0.2882352941176471,0.6308823529411763,0.6698529411764707,0.4066176470588235,0.27499999999999997,0.35514705882352937,0.46397058823529413,0.4316176470588235,1.0,0.7426470588235293,0.7463235294117646,0.7492647058823528,0.7999999999999999,0.8147058823529412,0.7808823529411764,0.7632352941176469,0.5625,0.6169117647058824,0.6272058823529412,0.5610294117647059,0.41911764705882354,0.4720588235294118,0.5110294117647058,0.35661764705882354,0.4235294117647059,0.3294117647058824,0.34852941176470587,0.29191176470588237,0.25661764705882345,0.2786764705882353,0.2933823529411765,0.3014705882352941,0.2602941176470588,0.28088235294117647,0.36397058823529405,0.4007352941176471,0.40735294117647053,0.4080882352941177,0.4455882352941177,0.4338235294117646,0.37720588235294117,0.3779411764705882,0.21176470588235297,0.24779411764705883,0.24779411764705883,0.2397058823529412,0.10588235294117646,0.09044117647058825,0.22205882352941175],[0.2514705882352941,0.3316176470588235,0.5051470588235294,0.4536764705882353,0.47426470588235303,0.38970588235294124,0.5088235294117648,0.6169117647058823,0.5522058823529411,0.7426470588235293,1.0,0.9411764705882354,0.924264705882353,0.9066176470588236,0.9213235294117648,0.8595588235294118,0.8507352941176471,0.5904411764705881,0.6058823529411764,0.6227941176470587,0.5911764705882353,0.4919117647058824,0.5007352941176471,0.36911764705882355,0.38970588235294124,0.33602941176470585,0.3316176470588236,0.34632352941176475,0.30147058823529416,0.28602941176470587,0.38676470588235295,0.3735294117647059,0.3860294117647059,0.42499999999999993,0.3220588235294118,0.17426470588235293,0.2102941176470588,0.2147058823529412,0.22132352941176467,0.2352941176470588,0.23602941176470585,0.26397058823529407,0.26691176470588235,0.07867647058823529,0.05808823529411764,0.05073529411764706,0.042647058823529406,0.1036764705882353,0.18970588235294114,0.39044117647058824],[0.2264705882352941,0.31323529411764706,0.5235294117647059,0.449264705882353,0.486764705882353,0.40147058823529413,0.5176470588235295,0.6294117647058823,0.5536764705882352,0.7463235294117646,0.9411764705882354,1.0,0.9227941176470588,0.8970588235294118,0.9117647058823529,0.8625,0.8536764705882354,0.5786764705882352,0.5933823529411764,0.625735294117647,0.5750000000000001,0.49264705882352944,0.486764705882353,0.35220588235294115,0.3713235294117647,0.3323529411764705,0.3235294117647059,0.34191176470588236,0.29411764705882354,0.29632352941176465,0.37941176470588234,0.3941176470588235,0.4022058823529412,0.41911764705882354,0.31691176470588234,0.175,0.2117647058823529,0.21838235294117642,0.22279411764705878,0.25588235294117645,0.2441176470588235,0.2602941176470588,0.2580882352941176,0.07279411764705881,0.058088235294117635,0.058823529411764705,0.05073529411764706,0.1036764705882353,0.19044117647058822,0.3830882352941176],[0.2338235294117647,0.3220588235294118,0.5477941176470588,0.4610294117647059,0.4852941176470588,0.40735294117647064,0.5279411764705882,0.6272058823529412,0.5639705882352941,0.7492647058823528,0.924264705882353,0.9227941176470588,1.0,0.9235294117647059,0.9169117647058824,0.8661764705882353,0.8757352941176472,0.5705882352941176,0.613970588235294,0.6286764705882353,0.5985294117647059,0.49926470588235294,0.5095588235294117,0.38088235294117645,0.3919117647058824,0.33529411764705874,0.33014705882352946,0.33235294117647063,0.30073529411764705,0.28602941176470587,0.38455882352941173,0.4066176470588236,0.3985294117647059,0.3889705882352941,0.3110294117647059,0.17941176470588233,0.22426470588235292,0.22352941176470587,0.23455882352941174,0.24191176470588235,0.2389705882352941,0.22720588235294115,0.22720588235294115,0.048529411764705876,0.048529411764705876,0.04926470588235293,0.061029411764705874,0.11617647058823531,0.2,0.38088235294117645],[0.2926470588235294,0.3801470588235294,0.5051470588235294,0.5073529411764706,0.474264705882353,0.3897058823529412,0.5139705882352942,0.6139705882352942,0.6220588235294118,0.7999999999999999,0.9066176470588236,0.8970588235294118,0.9235294117647059,1.0,0.9661764705882354,0.9161764705882354,0.9132352941176471,0.6272058823529411,0.6661764705882353,0.6801470588235293,0.6727941176470587,0.5566176470588236,0.5852941176470589,0.45441176470588235,0.4161764705882353,0.3860294117647059,0.3919117647058824,0.39044117647058824,0.361764705882353,0.32647058823529407,0.43529411764705883,0.4330882352941176,0.42647058823529405,0.38602941176470584,0.3110294117647059,0.23970588235294113,0.2801470588235294,0.28308823529411764,0.28750000000000003,0.275735294117647,0.28455882352941175,0.2286764705882353,0.22941176470588234,0.06764705882352941,0.09044117647058825,0.10367647058823531,0.1,0.1727941176470588,0.25882352941176473,0.40955882352941175],[0.3022058823529412,0.3830882352941177,0.4970588235294118,0.5213235294117646,0.4816176470588236,0.3970588235294118,0.5161764705882353,0.6213235294117646,0.6022058823529411,0.8147058823529412,0.9213235294117648,0.9117647058823529,0.9169117647058824,0.9661764705882354,1.0,0.9316176470588236,0.9154411764705882,0.6426470588235292,0.675735294117647,0.6948529411764705,0.6573529411764707,0.5419117647058824,0.5602941176470588,0.4338235294117648,0.4227941176470589,0.40441176470588236,0.38823529411764707,0.3933823529411765,0.35808823529411765,0.3242647058823529,0.425735294117647,0.4308823529411765,0.44044117647058817,0.40441176470588236,0.2948529411764706,0.22132352941176467,0.2588235294117647,0.26176470588235295,0.2661764705882353,0.2911764705882353,0.27941176470588236,0.22352941176470587,0.22352941176470587,0.060294117647058824,0.09338235294117646,0.09411764705882353,0.0875,0.15220588235294116,0.23676470588235293,0.39632352941176474],[0.32573529411764707,0.4183823529411765,0.4507352941176471,0.5272058823529412,0.5125,0.4110294117647059,0.4639705882352941,0.5727941176470588,0.5397058823529411,0.7808823529411764,0.8595588235294118,0.8625,0.8661764705882353,0.9161764705882354,0.9316176470588236,1.0,0.9720588235294119,0.6823529411764705,0.7147058823529411,0.7463235294117645,0.6963235294117647,0.5838235294117647,0.6080882352941177,0.474264705882353,0.47058823529411775,0.45294117647058824,0.42720588235294116,0.4463235294117647,0.39852941176470585,0.3625,0.36544117647058827,0.3830882352941177,0.3882352941176471,0.3470588235294118,0.2367647058823529,0.24705882352941172,0.2117647058823529,0.21911764705882353,0.22205882352941175,0.2573529411764706,0.24558823529411766,0.1889705882352941,0.1889705882352941,0.04779411764705882,0.08161764705882352,0.08161764705882352,0.07352941176470588,0.16323529411764703,0.20220588235294118,0.3551470588235294],[0.3080882352941177,0.4007352941176471,0.45514705882352946,0.5102941176470588,0.5014705882352941,0.4,0.4573529411764706,0.5617647058823529,0.5375,0.7632352941176469,0.8507352941176471,0.8536764705882354,0.8757352941176472,0.9132352941176471,0.9154411764705882,0.9720588235294119,1.0,0.6661764705882353,0.7176470588235293,0.7294117647058822,0.6897058823529412,0.573529411764706,0.6,0.4727941176470588,0.4529411764705883,0.4360294117647059,0.42205882352941176,0.4279411764705882,0.3926470588235294,0.3558823529411765,0.3573529411764706,0.3823529411764706,0.37205882352941183,0.3294117647058824,0.24705882352941175,0.2397058823529411,0.2102941176470588,0.21102941176470585,0.2176470588235294,0.2389705882352941,0.22720588235294115,0.17867647058823527,0.17941176470588233,0.03676470588235294,0.06323529411764707,0.06397058823529413,0.07205882352941177,0.1610294117647059,0.19485294117647056,0.3551470588235295],[0.4911764705882353,0.3154411764705883,0.2625,0.3051470588235294,0.5897058823529411,0.3448529411764706,0.3779411764705882,0.48308823529411765,0.4705882352941177,0.5625,0.5904411764705881,0.5786764705882352,0.5705882352941176,0.6272058823529411,0.6426470588235292,0.6823529411764705,0.6661764705882353,1.0,0.9117647058823529,0.9345588235294119,0.8639705882352942,0.7522058823529411,0.7999999999999999,0.6595588235294116,0.6669117647058823,0.6286764705882352,0.7375,0.7441176470588236,0.6838235294117647,0.5948529411764706,0.3044117647058824,0.2860294117647059,0.2977941176470588,0.26544117647058824,0.21544117647058822,0.29044117647058815,0.22352941176470584,0.22205882352941173,0.21838235294117644,0.22720588235294115,0.2279411764705882,0.18455882352941172,0.18529411764705878,0.042647058823529406,0.08455882352941177,0.07720588235294118,0.07058823529411766,0.18970588235294117,0.14117647058823526,0.2926470588235294],[0.49485294117647055,0.33897058823529413,0.28823529411764703,0.3514705882352941,0.5580882352941176,0.3382352941176471,0.36838235294117644,0.46470588235294125,0.4588235294117648,0.6169117647058824,0.6058823529411764,0.5933823529411764,0.613970588235294,0.6661764705882353,0.675735294117647,0.7147058823529411,0.7176470588235293,0.9117647058823529,1.0,0.9676470588235295,0.8904411764705884,0.7477941176470587,0.8308823529411765,0.7014705882352941,0.6904411764705881,0.675735294117647,0.6823529411764705,0.6779411764705882,0.6279411764705881,0.5926470588235294,0.29044117647058826,0.3007352941176471,0.29338235294117654,0.26249999999999996,0.2125,0.2860294117647058,0.22426470588235292,0.2213235294117647,0.21911764705882353,0.22794117647058823,0.21617647058823525,0.17279411764705882,0.17279411764705882,0.03014705882352941,0.06470588235294118,0.06544117647058824,0.06764705882352942,0.19117647058823528,0.1404411764705882,0.2860294117647059],[0.5235294117647058,0.3595588235294118,0.28014705882352936,0.35808823529411765,0.5897058823529412,0.35882352941176476,0.38749999999999996,0.4963235294117647,0.4639705882352942,0.6272058823529412,0.6227941176470587,0.625735294117647,0.6286764705882353,0.6801470588235293,0.6948529411764705,0.7463235294117645,0.7294117647058822,0.9345588235294119,0.9676470588235295,1.0,0.9000000000000001,0.7566176470588236,0.8448529411764706,0.6948529411764706,0.7073529411764704,0.6897058823529412,0.6801470588235293,0.6977941176470587,0.625735294117647,0.5904411764705882,0.2897058823529412,0.3044117647058824,0.31250000000000006,0.27205882352941174,0.21470588235294116,0.2860294117647058,0.21691176470588236,0.22426470588235292,0.2117647058823529,0.24852941176470586,0.23676470588235293,0.19338235294117645,0.19411764705882353,0.05,0.08529411764705883,0.08602941176470588,0.07794117647058824,0.1830882352941176,0.13529411764705881,0.29044117647058826],[0.5492647058823529,0.4088235294117647,0.3220588235294118,0.3191176470588235,0.5235294117647059,0.33529411764705885,0.3897058823529412,0.44705882352941184,0.5397058823529411,0.5610294117647059,0.5911764705882353,0.5750000000000001,0.5985294117647059,0.6727941176470587,0.6573529411764707,0.6963235294117647,0.6897058823529412,0.8639705882352942,0.8904411764705884,0.9000000000000001,1.0,0.8161764705882354,0.9007352941176472,0.761029411764706,0.6874999999999999,0.6544117647058822,0.6720588235294117,0.6558823529411765,0.6426470588235292,0.6088235294117647,0.3095588235294118,0.2897058823529412,0.28897058823529415,0.25588235294117645,0.22794117647058823,0.31323529411764706,0.24632352941176466,0.2441176470588235,0.24117647058823527,0.21838235294117642,0.22720588235294112,0.18308823529411763,0.1838235294117647,0.0625,0.11176470588235293,0.12426470588235294,0.11764705882352941,0.25588235294117645,0.20808823529411763,0.26691176470588235],[0.5786764705882353,0.39779411764705885,0.3227941176470588,0.1691176470588235,0.411764705882353,0.41470588235294115,0.4698529411764706,0.41176470588235287,0.7029411764705882,0.41911764705882354,0.4919117647058824,0.49264705882352944,0.49926470588235294,0.5566176470588236,0.5419117647058824,0.5838235294117647,0.573529411764706,0.7522058823529411,0.7477941176470587,0.7566176470588236,0.8161764705882354,1.0,0.9036764705882353,0.7786764705882352,0.6367647058823529,0.5897058823529412,0.6470588235294117,0.6205882352941176,0.5911764705882352,0.6110294117647058,0.3970588235294118,0.38014705882352934,0.3764705882352941,0.34411764705882353,0.2955882352941177,0.3661764705882353,0.29926470588235293,0.2985294117647059,0.29705882352941176,0.27205882352941174,0.28161764705882353,0.2367647058823529,0.275735294117647,0.14191176470588235,0.23161764705882348,0.24485294117647055,0.2375,0.39558823529411763,0.36544117647058827,0.28014705882352947],[0.6279411764705881,0.4647058823529412,0.34117647058823525,0.23088235294117643,0.4514705882352941,0.3801470588235294,0.4338235294117647,0.37573529411764706,0.6095588235294117,0.4720588235294118,0.5007352941176471,0.486764705882353,0.5095588235294117,0.5852941176470589,0.5602941176470588,0.6080882352941177,0.6,0.7999999999999999,0.8308823529411765,0.8448529411764706,0.9007352941176472,0.9036764705882353,1.0,0.85,0.7330882352941177,0.6816176470588234,0.6955882352941176,0.676470588235294,0.638970588235294,0.6036764705882353,0.3073529411764706,0.2933823529411765,0.2911764705882353,0.2588235294117647,0.22352941176470587,0.3110294117647059,0.2419117647058823,0.2433823529411764,0.2367647058823529,0.22279411764705878,0.23235294117647057,0.18823529411764703,0.22720588235294115,0.0875,0.18235294117647055,0.19632352941176467,0.18749999999999994,0.3198529411764706,0.27205882352941174,0.1867647058823529],[0.5249999999999999,0.4058823529411764,0.4323529411764706,0.2529411764705882,0.3029411764705882,0.3022058823529411,0.3,0.24191176470588233,0.4889705882352941,0.5110294117647058,0.36911764705882355,0.35220588235294115,0.38088235294117645,0.45441176470588235,0.4338235294117648,0.474264705882353,0.4727941176470588,0.6595588235294116,0.7014705882352941,0.6948529411764706,0.761029411764706,0.7786764705882352,0.85,1.0,0.6404411764705882,0.6919117647058823,0.6132352941176471,0.5852941176470587,0.5573529411764705,0.5205882352941176,0.23749999999999996,0.2220588235294117,0.2154411764705882,0.18455882352941172,0.19999999999999998,0.3948529411764706,0.33235294117647063,0.3272058823529412,0.3272058823529412,0.3007352941176471,0.3102941176470589,0.2654411764705882,0.3044117647058823,0.18529411764705883,0.29558823529411765,0.3088235294117647,0.30735294117647055,0.3301470588235294,0.2264705882352941,0.06470588235294117],[0.5051470588235294,0.41397058823529403,0.4852941176470589,0.18308823529411763,0.3588235294117647,0.6110294117647058,0.38161764705882356,0.3014705882352941,0.34338235294117647,0.35661764705882354,0.38970588235294124,0.3713235294117647,0.3919117647058824,0.4161764705882353,0.4227941176470589,0.47058823529411775,0.4529411764705883,0.6669117647058823,0.6904411764705881,0.7073529411764704,0.6874999999999999,0.6367647058823529,0.7330882352941177,0.6404411764705882,1.0,0.8588235294117648,0.8536764705882354,0.8580882352941176,0.7830882352941176,0.761764705882353,0.43602941176470594,0.4301470588235295,0.44264705882352945,0.4316176470588235,0.37426470588235294,0.37352941176470583,0.3301470588235294,0.3051470588235294,0.29926470588235293,0.3169117647058823,0.31764705882352934,0.29632352941176465,0.3301470588235294,0.12426470588235296,0.09338235294117649,0.09411764705882354,0.08602941176470588,0.20955882352941177,0.1889705882352941,0.10220588235294119],[0.46176470588235285,0.3698529411764705,0.46176470588235297,0.22205882352941175,0.28823529411764703,0.4867647058823529,0.25441176470588234,0.2117647058823529,0.29705882352941176,0.4235294117647059,0.33602941176470585,0.3323529411764705,0.33529411764705874,0.3860294117647059,0.40441176470588236,0.45294117647058824,0.4360294117647059,0.6286764705882352,0.675735294117647,0.6897058823529412,0.6544117647058822,0.5897058823529412,0.6816176470588234,0.6919117647058823,0.8588235294117648,1.0,0.8647058823529412,0.8691176470588236,0.7948529411764707,0.773529411764706,0.4470588235294117,0.4580882352941177,0.4661764705882353,0.43235294117647055,0.4007352941176471,0.4838235294117647,0.4411764705882353,0.42205882352941176,0.41029411764705886,0.44338235294117645,0.41470588235294115,0.3713235294117647,0.3794117647058824,0.16764705882352943,0.1485294117647059,0.14926470588235297,0.1411764705882353,0.18676470588235292,0.14191176470588235,0.059558823529411775],[0.45955882352941174,0.3698529411764706,0.3992647058823529,0.13970588235294115,0.33529411764705885,0.5205882352941177,0.30000000000000004,0.24485294117647052,0.36544117647058827,0.3294117647058824,0.3316176470588236,0.3235294117647059,0.33014705882352946,0.3919117647058824,0.38823529411764707,0.42720588235294116,0.42205882352941176,0.7375,0.6823529411764705,0.6801470588235293,0.6720588235294117,0.6470588235294117,0.6955882352941176,0.6132352941176471,0.8536764705882354,0.8647058823529412,1.0,0.9654411764705884,0.9161764705882354,0.838970588235294,0.5227941176470589,0.49926470588235294,0.4970588235294118,0.4661764705882353,0.42867647058823527,0.4529411764705881,0.4110294117647058,0.3845588235294117,0.3801470588235294,0.36985294117647055,0.35367647058823526,0.3102941176470588,0.3176470588235294,0.1073529411764706,0.10073529411764708,0.08823529411764708,0.08750000000000001,0.23161764705882357,0.20955882352941174,0.12058823529411766],[0.4654411764705882,0.37279411764705883,0.37279411764705883,0.15073529411764705,0.3536764705882353,0.5279411764705882,0.2963235294117647,0.2639705882352941,0.3389705882352941,0.34852941176470587,0.34632352941176475,0.34191176470588236,0.33235294117647063,0.39044117647058824,0.3933823529411765,0.4463235294117647,0.4279411764705882,0.7441176470588236,0.6779411764705882,0.6977941176470587,0.6558823529411765,0.6205882352941176,0.676470588235294,0.5852941176470587,0.8580882352941176,0.8691176470588236,0.9654411764705884,1.0,0.9080882352941178,0.8323529411764705,0.5176470588235295,0.511764705882353,0.524264705882353,0.48308823529411765,0.4338235294117647,0.44705882352941173,0.4044117647058823,0.3860294117647059,0.37352941176470583,0.39926470588235297,0.3830882352941177,0.33897058823529413,0.32573529411764707,0.11397058823529413,0.10441176470588234,0.0963235294117647,0.08823529411764706,0.2036764705882353,0.18455882352941175,0.11102941176470588],[0.43308823529411766,0.35441176470588237,0.35000000000000003,0.13970588235294115,0.3426470588235294,0.4963235294117648,0.2757352941176471,0.24485294117647052,0.32573529411764707,0.29191176470588237,0.30147058823529416,0.29411764705882354,0.30073529411764705,0.361764705882353,0.35808823529411765,0.39852941176470585,0.3926470588235294,0.6838235294117647,0.6279411764705881,0.625735294117647,0.6426470588235292,0.5911764705882352,0.638970588235294,0.5573529411764705,0.7830882352941176,0.7948529411764707,0.9161764705882354,0.9080882352941178,1.0,0.8852941176470588,0.5764705882352941,0.5529411764705883,0.5507352941176471,0.5191176470588236,0.48308823529411765,0.5220588235294118,0.43676470588235294,0.43749999999999994,0.4338235294117647,0.4235294117647059,0.39338235294117646,0.35,0.3227941176470588,0.08308823529411766,0.08529411764705885,0.07794117647058825,0.07720588235294118,0.2205882352941177,0.19926470588235293,0.11985294117647059],[0.39779411764705885,0.3198529411764707,0.3661764705882353,0.10441176470588236,0.32132352941176473,0.5080882352941177,0.3073529411764706,0.26249999999999996,0.38823529411764707,0.25661764705882345,0.28602941176470587,0.29632352941176465,0.28602941176470587,0.32647058823529407,0.3242647058823529,0.3625,0.3558823529411765,0.5948529411764706,0.5926470588235294,0.5904411764705882,0.6088235294117647,0.6110294117647058,0.6036764705882353,0.5205882352941176,0.761764705882353,0.773529411764706,0.838970588235294,0.8323529411764705,0.8852941176470588,1.0,0.6242647058823528,0.600735294117647,0.6,0.5735294117647058,0.5367647058823529,0.5691176470588235,0.511764705882353,0.4845588235294117,0.48823529411764705,0.47058823529411764,0.45441176470588235,0.41470588235294115,0.4022058823529412,0.1639705882352941,0.14632352941176469,0.1389705882352941,0.13749999999999998,0.28161764705882353,0.26029411764705884,0.18088235294117644],[0.18014705882352938,0.23970588235294116,0.3352941176470588,0.10514705882352941,0.22352941176470584,0.5911764705882353,0.563970588235294,0.5330882352941176,0.6595588235294115,0.2786764705882353,0.38676470588235295,0.37941176470588234,0.38455882352941173,0.43529411764705883,0.425735294117647,0.36544117647058827,0.3573529411764706,0.3044117647058824,0.29044117647058826,0.2897058823529412,0.3095588235294118,0.3970588235294118,0.3073529411764706,0.23749999999999996,0.43602941176470594,0.4470588235294117,0.5227941176470589,0.5176470588235295,0.5764705882352941,0.6242647058823528,1.0,0.9698529411764707,0.9676470588235295,0.9367647058823529,0.8455882352941176,0.6566176470588234,0.738970588235294,0.7647058823529411,0.7720588235294117,0.7588235294117647,0.7169117647058824,0.6316176470588236,0.5933823529411765,0.31176470588235294,0.3220588235294118,0.31911764705882356,0.3110294117647059,0.4088235294117647,0.5227941176470587,0.4419117647058823],[0.16691176470588232,0.2338235294117647,0.325735294117647,0.10808823529411765,0.23014705882352937,0.5977941176470588,0.5624999999999999,0.5397058823529411,0.6441176470588234,0.2933823529411765,0.3735294117647059,0.3941176470588235,0.4066176470588236,0.4330882352941176,0.4308823529411765,0.3830882352941177,0.3823529411764706,0.2860294117647059,0.3007352941176471,0.3044117647058824,0.2897058823529412,0.38014705882352934,0.2933823529411765,0.2220588235294117,0.4301470588235295,0.4580882352941177,0.49926470588235294,0.511764705882353,0.5529411764705883,0.600735294117647,0.9698529411764707,1.0,0.9794117647058824,0.9360294117647059,0.850735294117647,0.6352941176470588,0.725,0.7507352941176471,0.7610294117647058,0.7735294117647058,0.7191176470588235,0.6338235294117648,0.5955882352941176,0.31397058823529417,0.3161764705882353,0.31691176470588234,0.32352941176470584,0.3948529411764706,0.5088235294117646,0.4433823529411764],[0.17941176470588235,0.24632352941176472,0.3176470588235294,0.12500000000000003,0.23823529411764705,0.6058823529411764,0.5661764705882352,0.5477941176470588,0.638970588235294,0.3014705882352941,0.3860294117647059,0.4022058823529412,0.3985294117647059,0.42647058823529405,0.44044117647058817,0.3882352941176471,0.37205882352941183,0.2977941176470588,0.29338235294117654,0.31250000000000006,0.28897058823529415,0.3764705882352941,0.2911764705882353,0.2154411764705882,0.44264705882352945,0.4661764705882353,0.4970588235294118,0.524264705882353,0.5507352941176471,0.6,0.9676470588235295,0.9794117647058824,1.0,0.9529411764705882,0.8441176470588235,0.6330882352941176,0.7169117647058824,0.7485294117647059,0.75,0.7823529411764705,0.7360294117647058,0.6507352941176471,0.6125,0.32499999999999996,0.3301470588235294,0.32941176470588235,0.3272058823529412,0.38676470588235295,0.4992647058823529,0.4279411764705882],[0.14191176470588235,0.20588235294117646,0.31985294117647056,0.0911764705882353,0.2301470588235294,0.5985294117647059,0.5624999999999999,0.5433823529411764,0.6058823529411764,0.2602941176470588,0.42499999999999993,0.41911764705882354,0.3889705882352941,0.38602941176470584,0.40441176470588236,0.3470588235294118,0.3294117647058824,0.26544117647058824,0.26249999999999996,0.27205882352941174,0.25588235294117645,0.34411764705882353,0.2588235294117647,0.18455882352941172,0.4316176470588235,0.43235294117647055,0.4661764705882353,0.48308823529411765,0.5191176470588236,0.5735294117647058,0.9367647058823529,0.9360294117647059,0.9529411764705882,1.0,0.8772058823529412,0.6036764705882353,0.6852941176470588,0.7125,0.725735294117647,0.7404411764705882,0.6955882352941176,0.675,0.6389705882352942,0.3264705882352941,0.28750000000000003,0.28897058823529415,0.2845588235294118,0.3566176470588236,0.46985294117647053,0.4360294117647059],[0.07794117647058824,0.13823529411764704,0.37132352941176466,0.08823529411764706,0.18823529411764703,0.5029411764705882,0.4676470588235294,0.4477941176470588,0.5294117647058824,0.28088235294117647,0.3220588235294118,0.31691176470588234,0.3110294117647059,0.3110294117647059,0.2948529411764706,0.2367647058823529,0.24705882352941175,0.21544117647058822,0.2125,0.21470588235294116,0.22794117647058823,0.2955882352941177,0.22352941176470587,0.19999999999999998,0.37426470588235294,0.4007352941176471,0.42867647058823527,0.4338235294117647,0.48308823529411765,0.5367647058823529,0.8455882352941176,0.850735294117647,0.8441176470588235,0.8772058823529412,1.0,0.6507352941176471,0.7389705882352942,0.7654411764705883,0.7794117647058824,0.7602941176470589,0.7308823529411764,0.7183823529411766,0.6830882352941178,0.3720588235294117,0.3154411764705883,0.32426470588235295,0.3352941176470588,0.32426470588235295,0.3904411764705883,0.3669117647058824],[0.1264705882352941,0.08897058823529412,0.4919117647058823,0.2213235294117647,0.16323529411764703,0.30073529411764705,0.2875,0.2566176470588235,0.3919117647058823,0.36397058823529405,0.17426470588235293,0.175,0.17941176470588233,0.23970588235294113,0.22132352941176467,0.24705882352941172,0.2397058823529411,0.29044117647058815,0.2860294117647058,0.2860294117647058,0.31323529411764706,0.3661764705882353,0.3110294117647059,0.3948529411764706,0.37352941176470583,0.4838235294117647,0.4529411764705881,0.44705882352941173,0.5220588235294118,0.5691176470588235,0.6566176470588234,0.6352941176470588,0.6330882352941176,0.6036764705882353,0.6507352941176471,1.0,0.8455882352941176,0.8713235294117648,0.8661764705882353,0.8441176470588238,0.8102941176470587,0.7375,0.6992647058823529,0.4205882352941177,0.39852941176470597,0.411764705882353,0.40367647058823536,0.2897058823529411,0.25073529411764706,0.2095588235294117],[0.08014705882352942,0.07500000000000001,0.5617647058823529,0.21102941176470585,0.15,0.4058823529411764,0.40955882352941186,0.3647058823529412,0.5058823529411764,0.4007352941176471,0.2102941176470588,0.2117647058823529,0.22426470588235292,0.2801470588235294,0.2588235294117647,0.2117647058823529,0.2102941176470588,0.22352941176470584,0.22426470588235292,0.21691176470588236,0.24632352941176466,0.29926470588235293,0.2419117647058823,0.33235294117647063,0.3301470588235294,0.4411764705882353,0.4110294117647058,0.4044117647058823,0.43676470588235294,0.511764705882353,0.738970588235294,0.725,0.7169117647058824,0.6852941176470588,0.7389705882352942,0.8455882352941176,1.0,0.9654411764705882,0.9558823529411765,0.9264705882352942,0.9183823529411765,0.8580882352941176,0.8455882352941178,0.5463235294117647,0.4970588235294118,0.5102941176470588,0.5080882352941176,0.3727941176470587,0.3536764705882352,0.3147058823529411],[0.08676470588235294,0.08308823529411764,0.5294117647058824,0.2102941176470588,0.15735294117647058,0.38823529411764707,0.4,0.37279411764705883,0.49926470588235294,0.40735294117647053,0.2147058823529412,0.21838235294117642,0.22352941176470587,0.28308823529411764,0.26176470588235295,0.21911764705882353,0.21102941176470585,0.22205882352941173,0.2213235294117647,0.22426470588235292,0.2441176470588235,0.2985294117647059,0.2433823529411764,0.3272058823529412,0.3051470588235294,0.42205882352941176,0.3845588235294117,0.3860294117647059,0.43749999999999994,0.4845588235294117,0.7647058823529411,0.7507352941176471,0.7485294117647059,0.7125,0.7654411764705883,0.8713235294117648,0.9654411764705882,1.0,0.973529411764706,0.9595588235294119,0.9264705882352942,0.8654411764705882,0.8264705882352942,0.5257352941176471,0.5044117647058823,0.5183823529411765,0.5095588235294117,0.36691176470588227,0.3499999999999999,0.31102941176470583],[0.075,0.08235294117647059,0.5470588235294117,0.21838235294117647,0.14852941176470588,0.3911764705882353,0.40661764705882353,0.37573529411764706,0.513235294117647,0.4080882352941177,0.22132352941176467,0.22279411764705878,0.23455882352941174,0.28750000000000003,0.2661764705882353,0.22205882352941175,0.2176470588235294,0.21838235294117644,0.21911764705882353,0.2117647058823529,0.24117647058823527,0.29705882352941176,0.2367647058823529,0.3272058823529412,0.29926470588235293,0.41029411764705886,0.3801470588235294,0.37352941176470583,0.4338235294117647,0.48823529411764705,0.7720588235294117,0.7610294117647058,0.75,0.725735294117647,0.7794117647058824,0.8661764705882353,0.9558823529411765,0.973529411764706,1.0,0.9595588235294119,0.9257352941176471,0.8441176470588234,0.8058823529411765,0.5095588235294118,0.47941176470588237,0.49338235294117644,0.4904411764705882,0.3551470588235293,0.3389705882352941,0.3],[0.0926470588235294,0.10735294117647058,0.5279411764705882,0.24338235294117644,0.17499999999999996,0.41691176470588237,0.4205882352941176,0.4022058823529412,0.4860294117647058,0.4455882352941177,0.2352941176470588,0.25588235294117645,0.24191176470588235,0.275735294117647,0.2911764705882353,0.2573529411764706,0.2389705882352941,0.22720588235294115,0.22794117647058823,0.24852941176470586,0.21838235294117642,0.27205882352941174,0.22279411764705878,0.3007352941176471,0.3169117647058823,0.44338235294117645,0.36985294117647055,0.39926470588235297,0.4235294117647059,0.47058823529411764,0.7588235294117647,0.7735294117647058,0.7823529411764705,0.7404411764705882,0.7602941176470589,0.8441176470588238,0.9264705882352942,0.9595588235294119,0.9595588235294119,1.0,0.9433823529411764,0.8580882352941175,0.8183823529411763,0.5132352941176471,0.5058823529411764,0.5051470588235294,0.4970588235294117,0.3264705882352941,0.3110294117647059,0.275735294117647],[0.09338235294117646,0.10808823529411764,0.5294117647058825,0.2404411764705882,0.17132352941176468,0.4132352941176471,0.41764705882352937,0.39926470588235297,0.4948529411764705,0.4338235294117646,0.23602941176470585,0.2441176470588235,0.2389705882352941,0.28455882352941175,0.27941176470588236,0.24558823529411766,0.22720588235294115,0.2279411764705882,0.21617647058823525,0.23676470588235293,0.22720588235294112,0.28161764705882353,0.23235294117647057,0.3102941176470589,0.31764705882352934,0.41470588235294115,0.35367647058823526,0.3830882352941177,0.39338235294117646,0.45441176470588235,0.7169117647058824,0.7191176470588235,0.7360294117647058,0.6955882352941176,0.7308823529411764,0.8102941176470587,0.9183823529411765,0.9264705882352942,0.9257352941176471,0.9433823529411764,1.0,0.913235294117647,0.8485294117647059,0.5389705882352941,0.5058823529411764,0.5147058823529411,0.5102941176470588,0.33602941176470585,0.3205882352941176,0.2845588235294117],[0.04926470588235294,0.05220588235294118,0.5125,0.18455882352941178,0.1676470588235294,0.3977941176470588,0.3713235294117647,0.3558823529411764,